Sample	Total Reads	Mapped	Decoys	Unmapped	Dovetail (Discordant)	u	d	m1	m2
Prm_130d_BR1	40425917	23543351	7553243	9329323	7553243	1042199	1000754
Exp_130d_BR1	45610073	27408459	9514516	8687098	9514516	1237673	1142249
Apx_130d_BR1	46531184	26810614	8656299	11064271	8656299	1092488	1060337
Fid_60d_BR1	37973009	22630103	7381066	7961840	7381066	885379	774205
Fid_130d_BR1	32773452	19459240	6511001	6803211	6511001	824071	789790
Fid_60d_BR2	30204625	18225923	5865947	6112755	5865947	812299	776879
Apx_60d_BR2	35704523	20654314	6750719	8299490	6750719	961683	899810
Prm_60d_BR3	31473824	18493502	5825321	7155001	5825321	829064	806182
Exp_60d_BR1	36954227	21740056	8071391	7142780	8071391	755141	687266
Fid_130d_BR2	38359733	22613525	7699564	8046644	7699564	986303	948005
Mat_130d_BR1	34632405	20418525	7458888	6754992	7458888	863502	749818
Apx_25d_BR2	42709852	25052938	8042842	9614072	8042842	1114336	1064255
Mat_130d_BR3	36720006	21833043	7788913	7098050	7788913	916598	887866
Apx_130d_BR3	31445148	18477741	5785231	7182176	5785231	787456	779828
Apx_130d_BR2	35602414	20216670	6548454	8837290	6548454	831064	796380
Exp_130d_BR2	34722183	20726520	7218186	6777477	7218186	918388	890561
Prm_60d_BR2	34354492	20015692	6388744	7950056	6388744	898359	862149
Prm_60d_BR1	43347183	25667098	8020545	9659540	8020545	1131908	1105726
Prm_25d_BR1	36842805	21685838	6917132	8239835	6917132	962398	933021
Prm_130d_BR2	30230320	17604441	5488807	7137072	5488807	756231	746740
Mat_130d_BR2	35226327	20894995	7360598	6970734	7360598	810651	791836
Mat_60d_BR2	43820191	25332439	10192757	8294995	10192757	1150869	1087531
Fid_130d_BR3	38436529	22876925	7612968	7946636	7612968	1005715	985639
Prm_130d_BR3	36764212	21574004	6730585	8459623	6730585	893255	866340
Apx_60d_BR3	44568936	26200462	8247278	10121196	8247278	1074359	1046129
Prm_25d_BR2	43162720	25451738	8358935	9352047	8358935	1144803	1103932
Mat_60d_BR1	31757070	18298144	7135919	6323007	7135919	803194	776204
Exp_130d_BR3	34715592	20528720	7140674	7046198	7140674	806754	788097
Apx_25d_BR1	40358668	23132734	7714953	9510981	7714953	1017532	993483
Exp_60d_BR3	43995171	25456564	9560619	8977988	9560619	1121247	1114183
Apx_60d_BR1	32015817	18617942	5929003	7468872	5929003	812855	756497
Apx_25d_BR3	35041284	20731617	6548634	7761033	6548634	941655	888616
Mat_60d_BR3	46773854	26363324	10997304	9413226	10997304	1205447	1172856
Prm_25d_BR3	30239355	17890440	5912176	6436739	5912176	755007	756018
Fid_60d_BR3	37461409	22209580	7336173	7915656	7336173	943156	888249
Exp_60d_BR2	52897063	31594226	11286853	10015984	11286853	1410029	1293547
logs	0	0	0	0	0	0	0
libParams	0	0	0	0	0	0	0
aux_info	0	0	0	0	0	0	0
logs	0	0	0	0	0	0	0
libParams	0	0	0	0	0	0	0
aux_info	0	0	0	0	0	0	0
logs	0	0	0	0	0	0	0
libParams	0	0	0	0	0	0	0
aux_info	0	0	0	0	0	0	0
logs	0	0	0	0	0	0	0
libParams	0	0	0	0	0	0	0
aux_info	0	0	0	0	0	0	0
logs	0	0	0	0	0	0	0
libParams	0	0	0	0	0	0	0
aux_info	0	0	0	0	0	0	0
logs	0	0	0	0	0	0	0
libParams	0	0	0	0	0	0	0
aux_info	0	0	0	0	0	0	0
logs	0	0	0	0	0	0	0
libParams	0	0	0	0	0	0	0
aux_info	0	0	0	0	0	0	0
logs	0	0	0	0	0	0	0
libParams	0	0	0	0	0	0	0
aux_info	0	0	0	0	0	0	0
logs	0	0	0	0	0	0	0
libParams	0	0	0	0	0	0	0
aux_info	0	0	0	0	0	0	0
logs	0	0	0	0	0	0	0
libParams	0	0	0	0	0	0	0
aux_info	0	0	0	0	0	0	0
logs	0	0	0	0	0	0	0
libParams	0	0	0	0	0	0	0
aux_info	0	0	0	0	0	0	0
logs	0	0	0	0	0	0	0
libParams	0	0	0	0	0	0	0
aux_info	0	0	0	0	0	0	0
logs	0	0	0	0	0	0	0
libParams	0	0	0	0	0	0	0
aux_info	0	0	0	0	0	0	0
logs	0	0	0	0	0	0	0
libParams	0	0	0	0	0	0	0
aux_info	0	0	0	0	0	0	0
logs	0	0	0	0	0	0	0
libParams	0	0	0	0	0	0	0
aux_info	0	0	0	0	0	0	0
logs	0	0	0	0	0	0	0
libParams	0	0	0	0	0	0	0
aux_info	0	0	0	0	0	0	0
logs	0	0	0	0	0	0	0
libParams	0	0	0	0	0	0	0
aux_info	0	0	0	0	0	0	0
logs	0	0	0	0	0	0	0
libParams	0	0	0	0	0	0	0
aux_info	0	0	0	0	0	0	0
logs	0	0	0	0	0	0	0
libParams	0	0	0	0	0	0	0
aux_info	0	0	0	0	0	0	0
logs	0	0	0	0	0	0	0
libParams	0	0	0	0	0	0	0
aux_info	0	0	0	0	0	0	0
logs	0	0	0	0	0	0	0
libParams	0	0	0	0	0	0	0
aux_info	0	0	0	0	0	0	0
logs	0	0	0	0	0	0	0
libParams	0	0	0	0	0	0	0
aux_info	0	0	0	0	0	0	0
logs	0	0	0	0	0	0	0
libParams	0	0	0	0	0	0	0
aux_info	0	0	0	0	0	0	0
logs	0	0	0	0	0	0	0
libParams	0	0	0	0	0	0	0
aux_info	0	0	0	0	0	0	0
logs	0	0	0	0	0	0	0
libParams	0	0	0	0	0	0	0
aux_info	0	0	0	0	0	0	0
logs	0	0	0	0	0	0	0
libParams	0	0	0	0	0	0	0
aux_info	0	0	0	0	0	0	0
logs	0	0	0	0	0	0	0
libParams	0	0	0	0	0	0	0
aux_info	0	0	0	0	0	0	0
logs	0	0	0	0	0	0	0
libParams	0	0	0	0	0	0	0
aux_info	0	0	0	0	0	0	0
logs	0	0	0	0	0	0	0
libParams	0	0	0	0	0	0	0
aux_info	0	0	0	0	0	0	0
logs	0	0	0	0	0	0	0
libParams	0	0	0	0	0	0	0
aux_info	0	0	0	0	0	0	0
logs	0	0	0	0	0	0	0
libParams	0	0	0	0	0	0	0
aux_info	0	0	0	0	0	0	0
logs	0	0	0	0	0	0	0
libParams	0	0	0	0	0	0	0
aux_info	0	0	0	0	0	0	0
logs	0	0	0	0	0	0	0
libParams	0	0	0	0	0	0	0
aux_info	0	0	0	0	0	0	0
logs	0	0	0	0	0	0	0
libParams	0	0	0	0	0	0	0
aux_info	0	0	0	0	0	0	0
logs	0	0	0	0	0	0	0
libParams	0	0	0	0	0	0	0
aux_info	0	0	0	0	0	0	0
logs	0	0	0	0	0	0	0
libParams	0	0	0	0	0	0	0
aux_info	0	0	0	0	0	0	0
